POSTO CENTRAL
80010020441050000104010980000100592
80010020441050000104010980000100597
80010020441050000104010980000100591
80010020441050000104010980000100584
80010020441050000104010980000100587
80010020441050000104010980000100598
80010020441050000104010980000100586
80010020441050000104010980000100595
80010020441050000104010980000100585


POSTO 001
80010020441050000104628290000101106
80010020441050000104628290000101105
80010020441050000104628290000101111
80010020441050000104628290000101112
80010020441050000104628290000101098
80010020441050000104628290000101094
80010020441050000104628290000101108
80010020441050000104628290000101097
80010020441050000104628290000101107
80010020441050000104628290000101102
80010020441050000104628290000101101
80010020441050000104628290000101095
80010020441050000104628290000101104
80010020441050000104628290000101093
80010020441050000104628290000101100
80010020441050000104628290000101096


POSTO 014
81650340441050000104005070000100739
81650340441050000104628300000101129
81650340441050000104628300000101140
81650340441050000104628300000101132
81650340441050000104628300000101138
81650340441050000104628300000101135
81650340441050000104628300000101142
81650340441050000104628300000101131
81650340441050000104628300000101134
81650340441050000104628300000101130
81650340441050000104628300000101133
81650340441050000104628300000101139
81650340441050000104628300000101137
81650340441050000104628300000101141


POSTO 015
81320490441050000104628310000101173
81320490441050000104628310000101168
81320490441050000104628310000101172
81320490441050000104628310000101173
81320490441050000104005080000100034
81320490441050000104628310000101174
81320490441050000104628310000101167
81320490441050000104628310000101171
81320490441050000104628310000101170
81320490441050000104628310000101172
81320490441050000104628310000101167
81320490441050000104628310000101169
81320490441050000104628310000101171
81320490441050000104628310000101168
81320490441050000104628310000101169
81320490441050000104628310000101174



POSTO 020
83707690441050000104628330000101166
83707690441050000104628330000101165
83707690441050000104628330000101164
83707690441050000104628330000101163
83707690441050000104628330000101162
83707690441050000104628330000101161
83707690441050000104628330000101159
83707690441050000104628330000101160


POSTO 022
82600000441050000104504060000100930
82600000441050000104504060000100929
82600000441050000104504060000100931
82600000441050000104504060000100935
82600000441050000104504060000100932
82600000441050000104504060000100936
82600000441050000104504060000100933


POSTO 030
80510000441050000104628320000101122
80510000441050000104628320000101128
80510000441050000104628320000101121
80510000441050000104628320000101125
80510000441050000104628320000101124
80510000441050000104628320000101116
80510000441050000104628320000101123
80510000441050000104628320000101119
80510000441050000104628320000101117
80510000441050000104628320000101115
80510000441050000104628320000101113
80510000441050000104628320000101120
80510000441050000104628320000101127
80510000441050000104628320000101126
80510000441050000104628320000101118
80510000441050000104005090000100018
80510000441050000104628320000101114


POSTO 031
82900010441050000104628360000101143
82900010441050000104628360000101146
82900010441050000104628360000101149
82900010441050000104628360000101154
82900010441050000104628360000101151
82900010441050000104628360000101152
82900010441050000104628360000101157
82900010441050000104628360000101148
82900010441050000104628360000101158
82900010441050000104628360000101147
82900010441050000104628360000101145
82900010441050000104628360000101153
82900010441050000104628360000101144
82900010441050000104628360000101156
82900010441050000104628360000101150


POSTO 032
81150050441050000104628350000101189
81150050441050000104628350000101176
81150050441050000104628350000101181
81150050441050000104628350000101187
81150050441050000104628350000101178
81150050441050000104628350000101188
81150050441050000104628350000101179
81150050441050000104628350000101185
81150050441050000104628350000101183
81150050441050000104628350000101177
81150050441050000104628350000101185
81150050441050000104628350000101180
81150050441050000104631130000101212
81150050441050000104631130000101193
81150050441050000104628350000101190
81150050441050000104628350000101184
81150050441050000104628350000101182
81150050441050000104628350000101186
81150050441050000104628350000101190
81150050441050000104631130000101207
81150050441050000104628350000101187
81150050441050000104631130000101208
81150050441050000104631130000101211
81150050441050000104628350000101175
81150050441050000104628350000101186
81150050441050000104631130000101210
81150050441050000104628350000101181
81150050441050000104628350000101180
81150050441050000104631130000101209
81150050441050000104628350000101188
81150050441050000104628350000101175
81150050441050000104628350000101184
81150050441050000104631130000101191
81150050441050000104628350000101182
81150050441050000104628350000101183
81150050441050000104628350000101176
81150050441050000104631130000101192
81150050441050000104631130000101195
81150050441050000104631130000101194
81150050441050000104631130000101196
81150050441050000104628350000101189
81150050441050000104628350000101177
81150050441050000104628350000101178
81150050441050000104628350000101179


POSTO 033
82020490441050000104034020000100745
82020490441050000104034020000100741
82020490441050000104034020000100460
82020490441050000104034020000100744
82020490441050000104034020000100743
82020490441050000104034020000100742
82020490441050000104034020000100746
82020490441050000104034020000100461
82020490441050000104034020000100459
82020490441050000104034020000100462
82020490441050000104034020000100463
82020490441050000104034020000100458
82020490441050000104034020000100457


POSTO 034
81925060441050000104021460000100430
81925060441050000104021460000100436
81925060441050000104021460000100432
81925060441050000104021460000100433
81925060441050000104021460000100429
81925060441050000104021460000100431
81925060441050000104021460000100435
81925060441050000104021460000100434


POSTO 035
82510000441050000104034010000100471
82510000441050000104034010000100469
82510000441050000104034010000100472
82510000441050000104034010000100465
82510000441050000104034010000100467
82510000441050000104034010000100468
82510000441050000104034010000100752
82510000441050000104034010000100751
82510000441050000104034010000100470
82510000441050000104034010000100749
82510000441050000104034010000100748
82510000441050000104034010000100750
82510000441050000104034010000100466
82510000441050000104034010000100747


POSTO 036
81315660441050000104650270000101285
81315660441050000104650270000101282
81315660441050000104650270000101286
81315660441050000104650270000101284
81315660441050000104650270000101281
81315660441050000104650270000101283



POSTO 037
81470475441050000104075980000100508
81470475441050000104075980000100509
81470475441050000104075980000100506
81470475441050000104075980000100504
81470475441050000104075980000100507
81470475441050000104075980000100505
81470475441050000104075980000100510


POSTO 039
80420170441050000104399680000800760
80420170441050000104399680000800762
80420170441050000104399680000800761
80420170441050000104399680000800775
80420170441050000104399680000800776



POSTO 040
80530190441050000104133360000100755
80530190441050000104133360000100756
80530190441050000104133360000100753
80530190441050000104133360000100758
80530190441050000104133360000100757


POSTO 050
82821020441050000104635380000101205
82821020441050000104635380000101232
82821020441050000104635380000101233
82821020441050000104635380000101229
82821020441050000104635380000101234
82821020441050000104635380000101231
82821020441050000104635380000101229
82821020441050000104635380000101202
82821020441050000104635380000101201
82821020441050000104635380000101230
82821020441050000104635380000101232
82821020441050000104635380000101233
82821020441050000104635380000101204
82821020441050000104635380000101203
82821020441050000104635380000101230
82821020441050000104635380000101206


POSTO 060
83490001441050000104654240000800008


POSTO 100
83209340441050000104010990000100193
83209340441050000104010990000100192
83209340441050000104010990000100194
83209340441050000104010990000100196
83209340441050000104010990000101001
83209340441050000104010990000101003
83209340441050000104010990000101002
83209340441050000104010990000100191


POSTO 105
83260000441050000104133340000100561
83260000441050000104133340000100562
83260000441050000104133340000100557
83260000441050000104133340000100560
83260000441050000104133340000100558
83260000441050000104133340000100559



POSTO 110
83203430441050000104666820000100018
83203430441050000104666820000100015
83203430441050000104666820000100017


POSTO 150
83900000441050000104011200000100332
83900000441050000104011200000100175
83900000441050000104011200000100176
83900000441050000104011200000100174
83900000441050000104011200000100177
83900000441050000104011200000100331
83900000441050000104011200000100178
83900000441050000104011200000100173



POSTO 200
84600115441050000104011020000100346
84600115441050000104011020000100142
84600115441050000104011020000100138
84600115441050000104011020000100985
84600115441050000104011020000100986
84600115441050000104011020000100345
84600115441050000104011020000100137
84600115441050000104011020000100140
84600115441050000104011020000100139
84600115441050000104011020000100141



POSTO 250
85505005441050000104638730000101219
85505005441050000104638730000101222
85505005441050000104638730000101221
85505005441050000104638730000101218
85505005441050000104638730000101220
85505005441050000104638730000101217


POSTO 300
85851110441050000104011080000100765
85851110441050000104011080000100973
85851110441050000104011080000100977
85851110441050000104011080000100767
85851110441050000104011080000100768
85851110441050000104011080000100976
85851110441050000104011080000100984
85851110441050000104011080000100764
85851110441050000104011080000100978
85851110441050000104011080000100974
85851110441050000104011080000100982
85851110441050000104011080000100975
85851110441050000104011080000100979
85851110441050000104011080000100766
85851110441050000104011080000100770
85851110441050000104011080000100763
85851110441050000104011080000100769
85851110441050000104011080000100983
85851110441050000104011080000100981



POSTO 315
85863000441050000104667320000100035
85863000441050000104667320000100036
85863000441050000104667320000100037


POSTO 350
87503470441050000104011180000100206
87503470441050000104011180000101041
87503470441050000104011180000100208
87503470441050000104011180000101040
87503470441050000104011180000100204
87503470441050000104011180000100207
87503470441050000104011180000100355
87503470441050000104011180000100205
87503470441050000104011180000101039
87503470441050000104011180000100203
87503470441050000104011180000101042
87503470441050000104011180000100356



POSTO 375
87502000441050000104668290000100053
87502000441050000104666290000100003


POSTO 400
87708000441050000104011190000100163
87708000441050000104011190000101046
87708000441050000104011190000100164
87708000441050000104011190000100162
87708000441050000104011190000100165
87708000441050000104011190000100337
87708000441050000104011190000100166
87708000441050000104011190000101044
87708000441050000104011190000101043
87708000441050000104011190000101045
87708000441050000104011190000100161
87708000441050000104011190000100338


POSTO 450
87080013441050000104011150000101309
87080013441050000104011150000101310
87080013441050000104011150000101303
87080013441050000104011150000101304
87080013441050000104011150000101300
87080013441050000104011150000101299
87080013441050000104011150000101298
87080013441050000104011150000101297
87080013441050000104011150000101301
87080013441050000104011150000101306
87080013441050000104011150000101308
87080013441050000104011150000101302
87080013441050000104011150000101305



POSTO 487
87040360441050000104666780000100034
87040360441050000104666780000100033


POSTO 490
87051030441050000104648810000101246
87051030441050000104648810000101244
87051030441050000104648810000101241
87051030441050000104648810000101243
87051030441050000104648810000101242
87051030441050000104648810000101296
87051030441050000104648810000101294
87051030441050000104648810000101295
87051030441050000104648810000101245


POSTO 500
86070370441050000104011100000100777
86070370441050000104011100000100779
86070370441050000104011100000100991
86070370441050000104011100000100994
86070370441050000104011100000100784
86070370441050000104011100000100783
86070370441050000104011100000100781
86070370441050000104011100000100780
86070370441050000104011100000100778
86070370441050000104011100000100990
86070370441050000104011100000100782
86070370441050000104011100000100989


POSTO 501
86700035441050000104011130000100154
86700035441050000104011130000100366
86700035441050000104011130000100153
86700035441050000104011130000100150
86700035441050000104011130000100149
86700035441050000104011130000100365
86700035441050000104011130000100151
86700035441050000104011130000100152



POSTO 507
86160000441050000104622660000800004


POSTO 526
86027750441050000104668280000100045
86027750441050000104668280000100044
86027750441050000104668280000100043


POSTO 527
86700140441050000104666970000100023
86700140441050000104666970000100024
86700140441050000104666970000100025



POSTO 550
86300000441050000104011110000100181
86300000441050000104011110000101087
86300000441050000104011110000100184
86300000441050000104011110000100179
86300000441050000104011110000101088
86300000441050000104011110000101086
86300000441050000104011110000101085
86300000441050000104011110000100334
86300000441050000104011110000100182



POSTO 600
86400000441050000104011120000101058
86400000441050000104011120000100536
86400000441050000104011120000101057
86400000441050000104011120000101051
86400000441050000104011120000100534
86400000441050000104011120000100523
86400000441050000104011120000101060
86400000441050000104011120000100519
86400000441050000104011120000100531
86400000441050000104011120000100524
86400000441050000104011120000101059
86400000441050000104011120000100535
86400000441050000104011120000100525
86400000441050000104011120000100532
86400000441050000104011120000100538
86400000441050000104011120000100520
86400000441050000104011120000100526
86400000441050000104011120000100533
86400000441050000104011120000101055
86400000441050000104011120000100537
86400000441050000104011120000101053
86400000441050000104011120000101052
86400000441050000104011120000101056
86400000441050000104011120000100522


POSTO 650
84010200441050000104011000000100367
84010200441050000104011000000100202
84010200441050000104011000000100368
84010200441050000104011000000100199
84010200441050000104011000000100998
84010200441050000104011000000100200
84010200441050000104011000000100198
84010200441050000104011000000100999
84010200441050000104011000000100197
84010200441050000104011000000101000
84010200441050000104011000000100997



POSTO 667
84035000441050000104668270000100047



POSTO 700
85015280441050000104011030000100099
85015280441050000104011030000100097
85015280441050000104011030000101005
85015280441050000104011030000100095
85015280441050000104011030000100096
85015280441050000104011030000100100
85015280441050000104011030000101007
85015280441050000104011030000100321
85015280441050000104011030000100098
85015280441050000104011030000101008
85015280441050000104011030000100322



POSTO 701
85301070441050000104011040000100216
85301070441050000104011040000100220
85301070441050000104011040000100988
85301070441050000104011040000100219
85301070441050000104011040000100217


POSTO 710


POSTO 730
85010270441050000104666790000100009
85010270441050000104666790000100007


POSTO 747
85810230441050000104667060000100022
85810230441050000104667060000100021



POSTO 750
85812260441050000104011070000100549
85812260441050000104011070000100966
85812260441050000104011070000100969
85812260441050000104011070000100967
85812260441050000104011070000100550
85812260441050000104011070000100546
85812260441050000104011070000100970
85812260441050000104011070000100545
85812260441050000104011070000100543
85812260441050000104011070000100547
85812260441050000104011070000100971
85812260441050000104011070000100965
85812260441050000104011070000100548



POSTO 755
85912140441050000104011090000100144
85912140441050000104011090000100962
85912140441050000104011090000100143
85912140441050000104011090000100380
85912140441050000104011090000100379
85812260441050000104011070000100544
85912140441050000104011090000100963
85912140441050000104011090000100145
85912140441050000104011090000100961
85912140441050000104011090000100146
85912140441050000104011090000100147



POSTO 758
85935001441050000104650170000800003
85935001441050000104650170000800004


POSTO 779
85955200441050000104626280000800003
85955200441050000104626280000800002


POSTO 790
85900005441050000104666990000100028
85900005441050000104666990000100030


POSTO 800
87302080441050000104011170000101048
87302080441050000104011170000100185
87302080441050000104011170000101050
87302080441050000104011170000100187
87302080441050000104011170000100188
87302080441050000104011170000101049
87302080441050000104011170000100357
87302080441050000104011170000101047


POSTO 808
85440000441050000104629560000800004
85440000441050000104629560000800002


POSTO 809
87209030441050000104657980000101330
87209030441050000104657980000101322
87209030441050000104657980000101321
87209030441050000104657980000101324
87209030441050000104657980000101320
87209030441050000104657980000101326
87209030441050000104657980000101329
87209030441050000104657980000101327
87209030441050000104657980000101325
87209030441050000104657980000101317
87209030441050000104657980000101318
87209030441050000104657980000101323
87209030441050000104657980000101328
87209030441050000104657980000101331
87209030441050000104657980000101319


POSTO 825
87302080441050000104667050000100041
87302080441050000104667050000100039
87302080441050000104667050000100042


POSTO 850
86800280441050000104011140000100125
86800280441050000104011140000100127
86800280441050000104011140000100130
86800280441050000104011140000100126
86800280441050000104011140000100128
86800280441050000104011140000100371
86800280441050000104011140000100129


POSTO 880
86800040441050000104666810000100011
86800040441050000104666810000100013


POSTO 900
84261680441050000104011010000100094
84261680441050000104011010000100089
84261680441050000104011010000101014
84261680441050000104011010000100092
84261680441050000104011010000100090
84261680441050000104011010000100330
84261680441050000104011010000101013
84261680441050000104011010000100329
84261680441050000104011010000100091


POSTO 950
85602510441050000104011060000100110
85602510441050000104011060000101009
85602510441050000104011060000100111
85602510441050000104011060000101011
85602510441050000104011060000100376
85602510441050000104011060000101010
85602510441050000104011060000100108
85602510441050000104011060000100107
85602510441050000104011060000100109
85602510441050000104011060000100112
85602510441050000104011060000100375

